A=[1,2,3,4;-1,0,4,1;3,5,1,0;2,-1,0,1]

